-1 0
2 0
3 0
4 0
-5 0
6 0
-7 0
8 0
9 0
-10 0
11 0
12 0
-13 0
14 0
15 0
16 0
17 0
18 0
-19 0
20 0
-21 0
-22 0
23 0
24 0
-25 0
-41 31 -31 0
-31 41 0
31 41 0
-51 31 -36 0
-31 51 0
36 51 0
-46 36 -31 0
-36 46 0
31 46 0
-56 36 -36 0
-36 56 0
36 56 0
-42 32 -32 0
-32 42 0
32 42 0
-52 32 -37 0
-32 52 0
37 52 0
-47 37 -32 0
-37 47 0
32 47 0
-57 37 -37 0
-37 57 0
37 57 0
-43 33 -33 0
-33 43 0
33 43 0
-53 33 -38 0
-33 53 0
38 53 0
-48 38 -33 0
-38 48 0
33 48 0
-58 38 -38 0
-38 58 0
38 58 0
-44 34 -34 0
-34 44 0
34 44 0
-54 34 -39 0
-34 54 0
39 54 0
-49 39 -34 0
-39 49 0
34 49 0
-59 39 -39 0
-39 59 0
39 59 0
-45 35 -35 0
-35 45 0
35 45 0
-55 35 -40 0
-35 55 0
40 55 0
-50 40 -35 0
-40 50 0
35 50 0
-60 40 -40 0
-40 60 0
40 60 0
31 32 33 34 35 0
36 37 38 39 40 0
31 36 0
32 37 0
33 38 0
34 39 0
35 40 0
-31 -31 1 0
-36 -36 1 0
-31 -32 2 0
-36 -37 2 0
-31 -33 3 0
-36 -38 3 0
-31 -34 4 0
-36 -39 4 0
-31 -35 5 0
-36 -40 5 0
-32 -31 6 0
-37 -36 6 0
-32 -32 7 0
-37 -37 7 0
-32 -33 8 0
-37 -38 8 0
-32 -34 9 0
-37 -39 9 0
-32 -35 10 0
-37 -40 10 0
-33 -31 11 0
-38 -36 11 0
-33 -32 12 0
-38 -37 12 0
-33 -33 13 0
-38 -38 13 0
-33 -34 14 0
-38 -39 14 0
-33 -35 15 0
-38 -40 15 0
-34 -31 16 0
-39 -36 16 0
-34 -32 17 0
-39 -37 17 0
-34 -33 18 0
-39 -38 18 0
-34 -34 19 0
-39 -39 19 0
-34 -35 20 0
-39 -40 20 0
-35 -31 21 0
-40 -36 21 0
-35 -32 22 0
-40 -37 22 0
-35 -33 23 0
-40 -38 23 0
-35 -34 24 0
-40 -39 24 0
-35 -35 25 0
-40 -40 25 0
31 36 0
31 37 0
32 36 0
32 37 0
31 36 0
31 38 0
33 36 0
33 38 0
31 36 0
31 39 0
34 36 0
34 39 0
32 37 0
32 36 0
31 37 0
31 36 0
32 37 0
32 38 0
33 37 0
33 38 0
32 37 0
32 39 0
34 37 0
34 39 0
33 38 0
33 36 0
31 38 0
31 36 0
33 38 0
33 37 0
32 38 0
32 37 0
33 38 0
33 39 0
34 38 0
34 39 0
33 38 0
33 40 0
35 38 0
35 40 0
34 39 0
34 36 0
31 39 0
31 36 0
34 39 0
34 37 0
32 39 0
32 37 0
34 39 0
34 38 0
33 39 0
33 38 0
34 39 0
34 40 0
35 39 0
35 40 0
35 40 0
35 38 0
33 40 0
33 38 0
35 40 0
35 39 0
34 40 0
34 39 0
40 41 42 43 44 45 0
50 51 52 53 54 55 0
45 46 47 48 49 50 0
55 56 57 58 59 60 0
