p cnf 80 171
-21 1 0
-21 -6 0
-1 6 21 0
-16 6 0
-16 -1 0
-6 1 16 0
-22 2 0
-22 -7 0
-2 7 22 0
-17 7 0
-17 -2 0
-7 2 17 0
-23 3 0
-23 -8 0
-3 8 23 0
-18 8 0
-18 -3 0
-8 3 18 0
-24 4 0
-24 -9 0
-4 9 24 0
-19 9 0
-19 -4 0
-9 4 19 0
-25 5 0
-25 -10 0
-5 10 25 0
-20 10 0
-20 -5 0
-10 5 20 0
-36 1 0
-36 2 0
-1 -2 36 0
-41 1 0
-41 3 0
-1 -3 41 0
-46 1 0
-46 4 0
-1 -4 46 0
-51 1 0
-51 5 0
-1 -5 51 0
-32 2 0
-32 1 0
-2 -1 32 0
-42 2 0
-42 3 0
-2 -3 42 0
-47 2 0
-47 4 0
-2 -4 47 0
-52 2 0
-52 5 0
-2 -5 52 0
-33 3 0
-33 1 0
-3 -1 33 0
-38 3 0
-38 2 0
-3 -2 38 0
-48 3 0
-48 4 0
-3 -4 48 0
-53 3 0
-53 5 0
-3 -5 53 0
-34 4 0
-34 1 0
-4 -1 34 0
-39 4 0
-39 2 0
-4 -2 39 0
-44 4 0
-44 3 0
-4 -3 44 0
-54 4 0
-54 5 0
-4 -5 54 0
-35 5 0
-35 1 0
-5 -1 35 0
-40 5 0
-40 2 0
-5 -2 40 0
-45 5 0
-45 3 0
-5 -3 45 0
-50 5 0
-50 4 0
-5 -4 50 0
-61 6 0
-61 7 0
-6 -7 61 0
-66 6 0
-66 8 0
-6 -8 66 0
-71 6 0
-71 9 0
-6 -9 71 0
-76 6 0
-76 10 0
-6 -10 76 0
-57 7 0
-57 6 0
-7 -6 57 0
-67 7 0
-67 8 0
-7 -8 67 0
-72 7 0
-72 9 0
-7 -9 72 0
-77 7 0
-77 10 0
-7 -10 77 0
-58 8 0
-58 6 0
-8 -6 58 0
-63 8 0
-63 7 0
-8 -7 63 0
-73 8 0
-73 9 0
-8 -9 73 0
-78 8 0
-78 10 0
-8 -10 78 0
-59 9 0
-59 6 0
-9 -6 59 0
-64 9 0
-64 7 0
-9 -7 64 0
-69 9 0
-69 8 0
-9 -8 69 0
-79 9 0
-79 10 0
-9 -10 79 0
-60 10 0
-60 6 0
-10 -6 60 0
-65 10 0
-65 7 0
-10 -7 65 0
-70 10 0
-70 8 0
-10 -8 70 0
-75 10 0
-75 9 0
-10 -9 75 0
1 2 3 4 5 0
6 7 8 9 10 0
1 6 0
2 7 0
3 8 0
4 9 0
5 10 0
-1 -5 0
-6 -10 0
-2 -5 0
-7 -10 0
21 22 23 24 25 0
16 17 18 19 20 0
36 61 0
41 66 0
46 71 0
42 67 0
47 72 0
48 73 0
53 78 0
54 79 0
